3
4 5
1 2 3 4 5
6 7 8 9 10
11 12 13 14 15
16 17 18 19 20
5 4
1 6 11 16
2 7 12 17
3 8 13 18
4 9 14 19
5 10 15 20
6 6
1 1 1 1 1 1
1 50 1 50 1 50
1 1 1 1 1 1
1 50 1 50 1 50
1 1 1 1 1 1
1 50 1 50 1 50
